$ANSIBLE_VAULT;1.1;AES256
39626236613935333563303561323966633236376433643337646163356239333363356466386438
3637396165313162333539343535313665373130353964360a316431373631333265323166646336
30396564646336623362393864386162346563306162326233393737353433393536366639623364
3534663164633132660a356237313664363137386663623365366434663937366665663163373064
61313863633336336432666433323531623131366562356438343835613963343665343166356537
38353934613364336265393566613338393435393138633463343135653466666138653066323733
62333037373032366331366531643861623166653862303034643430663934326563323235323635
38376133623438366631333030653539613639306336616138653565646164386466613533396166
34383432303436363532613537326462323637326632376534353639303332333030613332363462
61383263323934373362326666633865323437396164306238393264343066303634613562343735
39326432306131623837393862303564303562323239653930396130343366393638363034633630
36393132653732313035653936393764313235633830323639636533373235386462613466363636
38623530613932353239383138376338333566303633643939393765613431373035363934366533
61663736396636306637613632323231663936393032373939643536636265383632376332636139
30333262653532363036663664643735623939613235306165343335333564653864386639393836
61333961343536356265326439353032373532643739333030393136373662313666303261313134
65376565663862326133623962623565666362666565306261396139393534616237353332323561
65396566636531623263393433613163623763306565383539666432333466343333393939653231
62366337396266663332366135656539356663613237313135643563653065616563663861366538
38663736343439353466343262383261393463396231323230303237376361393035373164666636
65393330383630343163653031653130336466633437623031663837396236326561393835333266
31633034666239383561396637653330393536333865616264346434373763373365383963626438
34363938353365613931643133313637626135623630323537326633396364313336313463646266
33373232313062623361316135613231393932313736643131313962306231623062383534343630
37393430373762613735353538663464323665333461353039323838633065386133
